PageRank top nodes --> [[  4.03700000e+03,  4.68010050e-03],
 [  6.63400000e+03,  3.85613233e-03],
 [  1.50000000e+01,  3.80964917e-03],
 [  2.62500000e+03,  3.45732700e-03],
 [  2.39800000e+03,  2.77220288e-03],
 [  2.23700000e+03,  2.50486710e-03],
 [  2.47000000e+03,  2.50114410e-03],
 [  4.19100000e+03,  2.36613959e-03],
 [  7.55300000e+03,  2.28699346e-03],
 [  5.25400000e+03,  2.23082222e-03],
 [  2.32800000e+03,  2.12477049e-03],
 [  5.41200000e+03,  2.07083406e-03],
 [  4.33500000e+03,  2.06020573e-03],
 [  1.29700000e+03,  2.05825086e-03],
 [  7.63200000e+03,  2.04080497e-03]]
HITS top nodes --> [[  4.03700000e+03,  4.68010050e-03],
 [  6.63400000e+03,  3.85613233e-03],
 [  1.50000000e+01,  3.80964917e-03],
 [  2.62500000e+03,  3.45732700e-03],
 [  2.39800000e+03,  2.77220288e-03],
 [  2.23700000e+03,  2.50486710e-03],
 [  2.47000000e+03,  2.50114410e-03],
 [  4.19100000e+03,  2.36613959e-03],
 [  7.55300000e+03,  2.28699346e-03],
 [  5.25400000e+03,  2.23082222e-03],
 [  2.32800000e+03,  2.12477049e-03],
 [  5.41200000e+03,  2.07083406e-03],
 [  4.33500000e+03,  2.06020573e-03],
 [  1.29700000e+03,  2.05825086e-03],
 [  7.63200000e+03,  2.04080497e-03]]
PageRank modularity: 0.005902
PageRank clustering result --> outputs/q6/pr-idx.csv
HITS modularity: 0.006579
HITS clustering result --> outputs/q6/pr-hits.csv
NMI (HITS vs PageRank): 0.468573